#|num|weight|mean|covariance matrix| 
|1|0.0252477718|1.1350694595264486 -444.3835265858733 -6.8115080391816605|60.9397118552 -7.0628120253 5.9674699774 -7.0628120253 32.9822416911 -1.2349933281 5.9674699774 -1.2349933281 8.5108920538|
|2|0.0125144937|9.25317891547212 -424.3965438665377 -6.684939228988696|44.5305815325 -2.5373476328 -1.2948110603 -2.5373476328 14.5259975412 0.9513069064 -1.2948110603 0.9513069064 5.2187923179|
|3|0.0094173025|53.14733562670159 -420.83203394695454 -5.551491096379834|7.4168121887 -0.0530321037 -3.696827701 -0.0530321037 11.298475983 1.4612256488 -3.696827701 1.4612256488 15.5843414332|
|4|0.0220579727|-8.909586239372175 -447.28229759450426 -11.339627986249184|12.3609763139 -5.6649681797 3.5359166576 -5.6649681797 39.3941485047 -0.8049139935 3.5359166576 -0.8049139935 12.7652453898|
|5|0.0273912852|-25.93795179172355 -447.9327222277064 -0.029566555682094986|14.2755795379 -13.7663429741 1.808894834 -13.7663429741 52.2477344245 -1.2399826556 1.808894834 -1.2399826556 16.8985509738|
|6|0.0356043187|-10.211491504009132 -450.05246584986145 17.303655599606714|19.0561282282 -1.5584571194 1.6316785148 -1.5584571194 40.3724550226 0.710450834 1.6316785148 0.710450834 14.0985212342|
|7|0.0091930905|37.115021526652356 -415.06045994211416 11.902023334963815|26.0896282756 8.6438585516 -3.4409020688 8.6438585516 16.933884519 -4.4020957087 -3.4409020688 -4.4020957087 5.8610430871|
|8|0.0060970507|14.834216742386161 -474.6422169812237 19.054066834816297|9.6167695696 1.219799781 -0.3282043249 1.219799781 11.9223329276 -1.0506573088 -0.3282043249 -1.0506573088 5.7187212184|
|9|0.0149477920|68.82074408534146 -480.38042858736287 2.8461170758227468|9.6475138644 5.5866044963 -1.1645784632 5.5866044963 38.1685026858 4.8601514608 -1.1645784632 4.8601514608 6.148648156|
|10|0.0029881287|-14.67706513222464 -483.58765302360575 11.460998679011368|5.6260390452 1.7381194229 1.4423682151 1.7381194229 14.6829674466 1.2022121689 1.4423682151 1.2022121689 2.2962566968|
|11|0.0153618377|53.14951758629661 -428.09818671229726 17.26826197692094|28.7983104009 -17.5067469264 10.4460451982 -17.5067469264 33.163342625 -3.965430864 10.4460451982 -3.965430864 12.1987855429|
|12|0.0062791495|-34.052582081200796 -465.7750544205996 1.4540669731881621|16.6311967403 -17.5255454251 12.5760714436 -17.5255454251 28.9039101631 -14.5536791206 12.5760714436 -14.5536791206 17.7492989458|
|13|0.0058375020|-11.31138339000961 -470.5266033046529 27.306604641025956|3.8582338664 -1.1587158866 0.4613941709 -1.1587158866 26.5100126364 -9.0038452878 0.4613941709 -9.0038452878 8.1724107998|
|14|0.0173611809|-62.01280161362263 -476.8285581925208 6.1058225527659715|8.6112689626 -7.2749566407 -1.351945633 -7.2749566407 47.0005697651 -3.5889903989 -1.351945633 -3.5889903989 7.1992069516|
|15|0.0077898170|39.52897407717171 -463.7474028644622 -21.46193912662136|7.8130082238 12.7109009972 -0.1522159603 12.7109009972 52.6878068983 2.3520028327 -0.1522159603 2.3520028327 4.9827669838|
|16|0.0160967248|43.341751212487054 -430.61564267567945 -16.24876883527918|17.9002316646 0.4254966526 -3.8758139351 0.4254966526 36.8230708498 13.5908180558 -3.8758139351 13.5908180558 12.6933164991|
|17|0.0212108032|-31.644684897865375 -445.3265743500512 27.097180268097304|13.8020230897 -1.9293336075 -0.7519023677 -1.9293336075 48.3441840233 -4.5778237129 -0.7519023677 -4.5778237129 8.6262827084|
|18|0.0076158560|-41.97603545028085 -481.3770826761985 9.904174389032448|8.6445606932 -2.3015703509 -0.6325890942 -2.3015703509 21.0983069349 0.7372255758 -0.6325890942 0.7372255758 3.9706631354|
|19|0.0159178917|41.578954009993765 -428.97339220705356 -10.656414250010187|17.4604253702 16.9112113591 -3.9510653226 16.9112113591 54.7873570717 -0.58094426 -3.9510653226 -0.58094426 7.3854179247|
|20|0.0267900784|35.479924434060365 -455.9879468082338 5.639387629699627|25.4161996139 33.6073539907 10.2923519223 33.6073539907 71.5447205959 5.6852627253 10.2923519223 5.6852627253 24.2871198195|
|21|0.0234398439|-55.17245890231766 -450.7074379614764 6.40875932452758|15.6076474053 -47.7928352556 2.7050298908 -47.7928352556 220.2458232999 -10.5285801085 2.7050298908 -10.5285801085 8.871502894|
|22|0.0053951623|-21.722085910282487 -480.88692081758893 -10.521673257106897|22.1861395333 -2.2145475744 6.0124459412 -2.2145475744 9.9788384304 -0.0080265211 6.0124459412 -0.0080265211 4.2780735899|
|23|0.0126992052|46.97372830940901 -479.3578069812429 -0.722886730870016|11.1356644086 11.4972960016 0.2774227175 11.4972960016 43.9957452603 1.0145069881 0.2774227175 1.0145069881 4.6272774255|
|24|0.0122998603|31.364300440145428 -475.7324209051683 16.730039862141666|26.4749999296 -7.5994634993 9.7013389941 -7.5994634993 46.8997992037 -9.5071357456 9.7013389941 -9.5071357456 7.1578824458|
|25|0.0214306559|-30.417021197272902 -439.170513300111 -0.5935230963419258|8.1612999196 -4.9904934914 -3.3114445804 -4.9904934914 55.317796446 -7.1863453366 -3.3114445804 -7.1863453366 17.4286056784|
|26|0.0101764343|-7.317711640436357 -471.6363686983141 -8.272260523326281|9.5158563069 -5.8240712874 -5.2064165633 -5.8240712874 22.0926744237 10.8745393785 -5.2064165633 10.8745393785 14.8158956352|
|27|0.0187627477|64.01296276412472 -461.0829201775553 0.8078314329383716|10.8960992179 27.0284709246 0.7302490503 27.0284709246 121.8857848453 3.4369536808 0.7302490503 3.4369536808 7.6041721093|
|28|0.0105696161|-34.13626774200992 -462.25023385356695 7.80735218830938|24.0518053646 -41.0143247355 2.4462930971 -41.0143247355 93.4928671431 -3.8560038808 2.4462930971 -3.8560038808 5.7447764983|
|29|0.0115864349|-42.15932255283866 -429.2097841738437 -12.303900795216634|10.5096147659 -2.0238534125 -1.0697385866 -2.0238534125 19.6460383409 -0.5692167793 -1.0697385866 -0.5692167793 6.7675519312|
|30|0.0068265825|-24.901229274093964 -468.45834096037015 -7.41850169525793|7.6850995583 9.7229020212 4.6833714968 9.7229020212 54.7125263553 14.0533742499 4.6833714968 14.0533742499 7.8276820634|
|31|0.0067986967|-16.612284108275503 -417.3306338332722 5.874181076202149|17.0611837298 14.7048888537 -27.9777328447 14.7048888537 24.0748563819 -32.7085959972 -27.9777328447 -32.7085959972 61.3103500326|
|32|0.0194484513|14.492993013783178 -454.36329610308866 -11.301463099666762|12.4387246181 12.5050900854 6.3934062324 12.5050900854 51.4824830351 10.8304652506 6.3934062324 10.8304652506 16.8585828495|
|33|0.0171164090|37.91791876413663 -445.3857049539639 -20.05464108408853|10.8551869773 0.0898178499 -0.3804378314 0.0898178499 41.1515957761 7.5624626136 -0.3804378314 7.5624626136 10.708013953|
|34|0.0072348316|-33.900955097373355 -465.1502636662359 29.3128752095688|6.2424138062 -7.9088194046 0.3221516761 -7.9088194046 43.4157327104 -3.304424998 0.3221516761 -3.304424998 3.8214018699|
|35|0.0078694263|-45.603079589066056 -419.32553114297497 11.195767558336343|7.0714093557 -1.0060790529 -4.1505531285 -1.0060790529 10.0132620769 0.4755170155 -4.1505531285 0.4755170155 17.0547929386|
|36|0.0209653301|-52.6162069221329 -429.72734796571854 0.005069565610824611|10.3270498349 3.4748555556 0.1512044518 3.4748555556 51.7236185137 -29.5142041841 0.1512044518 -29.5142041841 30.5003599643|
|37|0.0184725788|-2.7069960229239314 -431.03237601764584 -9.31012480879832|13.0433353805 -4.6660476002 -4.1793252493 -4.6660476002 35.8859610779 3.8932520477 -4.1793252493 3.8932520477 12.0665663945|
|38|0.0625505302|33.448358411533206 -436.8649245556723 8.654626974925577|21.7337320231 17.4264975131 0.2818525741 17.4264975131 89.0981900244 5.8431529219 0.2818525741 5.8431529219 15.6616424334|
|39|0.0071418686|18.99422355636318 -476.7845362438543 -3.658437229002743|6.5978754091 6.7129521691 -0.0111098885 6.7129521691 82.0140963014 -10.0403219843 -0.0111098885 -10.0403219843 3.7796279307|
|40|0.0242127718|-4.826898435332907 -456.9858105497776 -8.281390200120711|10.7668222435 -8.4079468765 -1.6337428629 -8.4079468765 51.6693503188 6.529791153 -1.6337428629 6.529791153 18.418995174|
|41|0.0081076172|-29.614996716880228 -414.87949815723545 -5.493989165610742|20.8365816624 -4.659390539 -4.8750080415 -4.659390539 15.6518869358 4.654900026 -4.8750080415 4.654900026 6.4337012046|
|42|0.0287605885|20.364323277409255 -449.6847363807962 -10.1749715978155|10.810476416 -5.4530974767 3.320672711 -5.4530974767 61.1188331878 -5.8983292324 3.320672711 -5.8983292324 16.2715600633|
|43|0.0164031166|9.877866870615321 -429.41671034960746 15.368049650382488|14.4152671744 7.2447816627 -5.88931493 7.2447816627 28.9263451954 -4.0117780895 -5.88931493 -4.0117780895 13.1498112968|
|44|0.0233281126|1.5117589138710628 -441.563632276887 14.19572707084643|45.1263736203 25.6793741394 9.9665522379 25.6793741394 60.1404706434 3.8849711183 9.9665522379 3.8849711183 8.9573352276|
|45|0.0160013284|12.228440375766752 -463.28145167805667 15.84571059529577|9.1409512362 7.3346488044 -2.104270045 7.3346488044 34.2922718331 -1.4631699083 -2.104270045 -1.4631699083 16.9698310347|
|46|0.0151162588|-12.152983194134322 -464.4852016372512 18.167557188712863|7.0764046682 -2.6529243545 -0.2879949295 -2.6529243545 31.2331432148 10.6020975214 -0.2879949295 10.6020975214 19.0817205703|
|47|0.0262232923|-11.95497210448292 -434.73809246122323 17.34232784168131|15.0276712208 -10.8474049389 2.7089045602 -10.8474049389 53.9206864105 -5.3303729164 2.7089045602 -5.3303729164 13.3957462893|
|48|0.0253034458|46.058800364762305 -443.94217373078806 -14.659341023751438|13.5296117348 -16.7387877541 -7.3922585574 -16.7387877541 73.7258407002 23.0851324136 -7.3922585574 23.0851324136 19.3147845583|
|49|0.0063255449|26.05330380777957 -417.74919511058044 2.766386399627379|16.5886981616 -0.8226070345 -16.089056485 -0.8226070345 8.5267489592 3.189693203 -16.089056485 3.189693203 24.7245961357|
|50|0.0026654496|-27.7495600866593 -409.8837192606242 20.40889651234727|4.0890336336 1.8907034859 -0.4736899083 1.8907034859 4.2354488121 -0.3298581686 -0.4736899083 -0.3298581686 9.1741676238|
|51|0.0261588941|16.987835452287072 -434.2837811167995 -9.960730252634335|13.788292007 -2.6690765439 2.5992795191 -2.6690765439 45.1605148351 1.3701174666 2.5992795191 1.3701174666 13.5978134657|
|52|0.0093167153|-1.6001648753346558 -422.77979308685417 12.571284384184025|43.3966056981 -1.4478899304 -2.0648259484 -1.4478899304 10.8566273693 -0.7447970362 -2.0648259484 -0.7447970362 5.2351481057|
|53|0.0434436338|13.65524377304456 -447.241719817824 16.981260018345438|19.0635177572 5.6173713307 -0.3057937808 5.6173713307 50.8196899884 -0.0482824282 -0.3057937808 -0.0482824282 15.1370986313|
|54|0.0100956413|18.457033571879776 -469.2546409174016 -14.762986934037599|4.6499684634 -1.476226106 -2.1305207836 -1.476226106 23.8386268724 12.9958129743 -2.1305207836 12.9958129743 24.8344727506|
|55|0.0295221615|-23.406965542646674 -429.38573051292934 -2.807994410764252|13.3523355819 -1.7326701367 -2.8256118163 -1.7326701367 53.7789262791 5.0984858625 -2.8256118163 5.0984858625 13.9812618562|
|56|0.0031382188|35.58666873946896 -411.25863961910954 -13.92998038628889|4.6488997651 -0.5196215294 0.5037708863 -0.5196215294 3.9020904865 -0.2097970296 0.5037708863 -0.2097970296 7.7784469419|
|57|0.0122866470|-32.389207866448885 -426.0745062229904 17.834759552362925|10.2303224029 -12.9943166741 -2.473793601 -12.9943166741 57.565656512 0.2864114141 -2.473793601 0.2864114141 7.5449007181|
|58|0.0202327908|-39.76523964302339 -441.59650646649396 20.661662891610717|11.6760606549 11.0134322866 -5.1522461648 11.0134322866 52.6224232349 -16.3175731754 -5.1522461648 -16.3175731754 15.9602849394|
|59|0.0247007709|59.53251900212001 -434.20085738374786 3.7469489400962743|10.6905495752 1.0986987384 1.2539328189 1.0986987384 38.3342564742 11.9382577741 1.2539328189 11.9382577741 17.8073697511|
