7784.36003244385 1
7784.851317159008 2
7785.342601874167 2
7785.833886589325 0
7786.325171304483 4
7786.816456019641 1
7787.307740734799 3
7787.799025449957 5
7788.290310165115 6
7788.7815948802745 7
7789.272879595433 8
7789.764164310591 14
7790.255449025749 11
7790.746733740907 9
7791.238018456065 13
7791.729303171223 15
7792.2205878863815 16
7792.71187260154 22
7793.203157316698 31
7793.694442031856 24
7794.185726747014 31
7794.677011462172 30
7795.16829617733 39
7795.6595808924885 33
7796.150865607647 35
7796.642150322805 32
7797.133435037964 30
7797.624719753122 47
7798.11600446828 50
7798.607289183438 53
7799.098573898596 29
7799.589858613755 50
7800.081143328913 52
7800.572428044071 56
7801.063712759229 43
7801.554997474387 52
7802.046282189545 48
7802.537566904703 41
7803.028851619862 42
7803.52013633502 53
7804.011421050178 65
7804.502705765336 51
7804.993990480495 54
7805.485275195653 65
7805.976559910811 56
7806.4678446259695 48
7806.959129341128 64
7807.450414056286 46
7807.941698771444 50
7808.432983486602 46
7808.92426820176 35
7809.415552916918 54
7809.9068376320765 44
7810.398122347235 36
7810.889407062393 45
7811.380691777551 28
7811.871976492709 43
7812.363261207867 39
7812.854545923025 44
7813.345830638184 29
7813.837115353343 39
7814.328400068501 32
7814.819684783659 30
7815.310969498817 39
7815.802254213975 28
7816.293538929133 31
7816.7848236442915 25
7817.27610835945 16
7817.767393074608 18
7818.258677789766 18
7818.749962504924 14
7819.241247220082 16
7819.73253193524 14
7820.2238166503985 3
7820.715101365557 7
7821.206386080716 10
7821.697670795874 7
7822.188955511032 4
7822.68024022619 6
7823.171524941348 5
7823.662809656506 4
7824.1540943716645 7
7824.645379086823 2
7825.136663801981 5
7825.627948517139 2
7826.119233232297 3
7826.610517947455 0
7827.101802662613 1
7827.593087377772 1
7828.08437209293 0
7828.575656808088 1
7829.066941523246 3
7829.558226238405 3
7830.049510953563 0
7830.540795668721 1
7831.0320803838795 0
7831.523365099038 0
7832.014649814196 0
7832.505934529354 0
7832.997219244512 1
