7763.8591469395 1
7764.537138473027 0
7765.215130006555 0
7765.893121540083 1
7766.571113073611 0
7767.249104607138 2
7767.927096140666 2
7768.605087674194 1
7769.283079207721 3
7769.961070741249 0
7770.639062274777 0
7771.317053808305 7
7771.995045341832 4
7772.67303687536 7
7773.351028408888 3
7774.029019942415 6
7774.707011475944 17
7775.385003009471 11
7776.062994542999 17
7776.7409860765265 24
7777.418977610054 20
7778.096969143582 29
7778.774960677109 34
7779.452952210638 49
7780.130943744165 41
7780.808935277693 62
7781.486926811221 51
7782.164918344748 72
7782.842909878276 84
7783.520901411804 76
7784.198892945332 98
7784.876884478859 98
7785.554876012387 114
7786.232867545915 120
7786.910859079442 115
7787.58885061297 142
7788.266842146498 124
7788.944833680026 160
7789.622825213553 152
7790.300816747081 156
7790.978808280609 145
7791.656799814136 154
7792.334791347665 165
7793.012782881192 160
7793.690774414719 173
7794.3687659482475 156
7795.046757481775 157
7795.724749015303 126
7796.4027405488305 134
7797.080732082359 131
7797.758723615886 101
7798.436715149413 100
7799.114706682942 117
7799.792698216469 104
7800.470689749997 89
7801.148681283525 71
7801.826672817053 64
7802.50466435058 68
7803.182655884108 54
7803.860647417636 58
7804.538638951163 47
7805.216630484691 36
7805.894622018219 46
7806.572613551746 32
7807.250605085274 20
7807.928596618802 23
7808.60658815233 23
7809.284579685857 30
7809.962571219386 31
7810.640562752913 24
7811.31855428644 12
7811.996545819969 17
7812.674537353496 13
7813.352528887024 10
7814.0305204205515 11
7814.708511954079 11
7815.386503487607 11
7816.0644950211345 5
7816.742486554663 8
7817.42047808819 9
7818.098469621718 8
7818.776461155246 11
7819.454452688773 8
7820.132444222301 6
7820.810435755829 8
7821.488427289357 1
7822.166418822884 3
7822.8444103564125 4
7823.52240188994 3
7824.200393423467 1
7824.878384956995 1
7825.556376490523 0
7826.234368024051 4
7826.912359557578 0
7827.590351091106 0
7828.268342624634 1
7828.946334158161 0
7829.62432569169 1
7830.302317225217 0
7830.980308758745 1
